12069
0
0
0
5786
0
0
0
0
0
6880
0
0
0
0
6433
0
0
0
0
6195
0
0
0
0
5929
0
0
0
4742
0
0
3609
0
0
3164
0
2915
0
0
2945
0
2859
0
0
2965
0
2972
0
0
3095
0
3193
0
0
3375
0
0
3470
0
0
3497
0
0
3655
0
0
3736
0
0
3458
0
0
3417
0
0
3435
0
3324
0
0
2988
0
2870
0
0
2764
0
2458
2249
0
2017
0
1830
1513
1340
1131
990
1606
1255
1383
1199
1286
1114
1261
1120
1234
1267
1204
1356
995
1265
1367
1167
1096
952
1305
799
1908
907
826
1894
1031
1053
1134
1078
986
1053
2050
1145
1029
977
1000
1785
865
865
1749
861
918
1861
875
914
1962
1024
1027
1070
1039
1048
2114
1051
1049
1103
1109
1161
1187
1214
1321
1337
1379
1312
0
1321
1359
1400
1523
1634
0
1577
1569
1605
0
1667
1803
0
1733
1817
0
1848
1719
0
1623
1557
1450
1479
1435
0
1372
1369
1290
1228
1231
1200
1101
1171
1149
1234
1142
1126
1129
2331
1235
0
1251
1298
1296
1314
1383
1458
1410
0
1457
1481
1500
1510
0
1529
1476
1460
1450
1350
1330
1248
1171
1242
1124
1164
1154
1034
1100
926
1748
825
1451
1202
1142
1180
1251
1241
1638
618
1365
825
1165
1699
1537
0
0
0
0
0
0
0
0
0
0
