12069
5786
6880
6433
6195
5929
4742
3609
3164
2915
2945
2859
2965
2972
3095
3193
3375
3470
3497
3655
3736
3458
3417
3435
3324
2988
2870
2764
2458
2249
2017
1830
1513
1340
1131
990
863
743
654
601
489
453
441
449
390
360
357
317
304
308
290
272
287
265
274
236
257
227
267
281
240
311
288
290
330
308
306
305
347
313
302
303
301
290
310
272
270
280
255
279
354
321
320
283
223
215
249
295
311
237
162
98
68
36
29
30
24
32
21
18
29
20
14
12
37
61
128
144
253
229
248
293
318
412
366
479
473
623
682
799
873
1035
907
826
959
935
1031
1053
1134
1078
986
1053
976
1074
1145
1029
977
1000
898
887
865
865
900
849
861
918
953
908
875
914
954
1008
1024
1027
1070
1039
1048
1085
1029
1051
1049
1103
1109
1161
1187
1214
1321
1337
1379
1312
1321
1359
1400
1523
1634
1577
1569
1605
1667
1803
1733
1817
1848
1719
1623
1557
1450
1479
1435
1372
1369
1290
1228
1231
1200
1101
1171
1149
1234
1142
1126
1129
1175
1156
1235
1251
1298
1296
1314
1383
1458
1410
1457
1481
1500
1510
1529
1476
1460
1450
1350
1330
1248
1171
1242
1124
1164
1154
1034
1100
926
935
813
825
761
690
626
576
548
594
603
577
596
655
661
580
564
531
543
618
627
738
825
1165
1699
